  
 aprox13 :
  tin =  6.000000000000E+09 din =  6.000000000000E+09 ein =  2.578649151793E+18
  tout=  6.000000000000E+09 dout=  6.000000000000E+09 eout=  3.444324063903E+18
  enuc=  8.657E+21 sum = -2.887E-15 nbad=  711 nok=12137
  
 top 13 mass fractions:
 ni56 = 5.214E-01 si28 = 1.441E-01 s32  = 1.344E-01 ca40 = 6.722E-02 ar36 = 6.284E-02
 fe52 = 5.942E-02 cr48 = 8.064E-03 ti44 = 1.890E-03 mg24 = 3.476E-04 he4  = 2.697E-04
 o16  = 6.805E-05 c12  = 3.812E-06 ne20 = 1.988E-06 
  
 cpu time : 00 hrs  00 min  00 sec       0 usec


